9.884851455688477
21.817747116088867
34.94791793823242
45.319366455078125
53.20391845703125
10.329389572143555
20.923324584960938
33.212459564208984
43.95444869995117
53.01605987548828
9.897141456604004
19.842771530151367
32.32478713989258
43.96500015258789
53.738189697265625
10.358699798583984
22.068071365356445
35.167877197265625
45.529136657714844
54.55421829223633
10.627165794372559
22.097614288330078
36.33837890625
49.049835205078125
58.195350646972656
9.869023323059082
21.447168350219727
35.73699951171875
45.19624328613281
53.71446990966797
9.37489128112793
18.496355056762695
29.674911499023438
40.486324310302734
50.644229888916016
8.994906425476074
18.202457427978516
29.272689819335938
41.246517181396484
52.18975067138672
9.246087074279785
17.960622787475586
28.97735595703125
40.324588775634766
50.26457977294922
11.003515243530273
24.484996795654297
39.99542236328125
50.17367935180664
58.0611572265625
11.30120849609375
23.27869987487793
37.31585693359375
48.348121643066406
57.05030822753906
7.905658721923828
16.69407081604004
26.502117156982422
37.40742874145508
47.81535720825195
8.234067916870117
16.463436126708984
26.14122200012207
36.5927619934082
47.0772590637207
10.8801908493042
24.85523796081543
39.26062774658203
49.07978820800781
57.03681182861328
8.95287799835205
18.037246704101562
28.953046798706055
39.20009231567383
48.53480529785156
9.191341400146484
19.814905166625977
31.620210647583008
42.006507873535156
51.04294204711914
9.914861679077148
20.675018310546875
32.88310623168945
44.92278289794922
54.92890548706055
10.827776908874512
21.5236873626709
33.928184509277344
45.34889221191406
55.44239044189453
10.455927848815918
21.083845138549805
33.5411262512207
43.8690185546875
52.42929458618164
9.35202407836914
19.251577377319336
32.0601806640625
44.88834762573242
54.612457275390625
9.428022384643555
20.550432205200195
33.03213882446289
43.12860107421875
52.34840774536133
9.338078498840332
18.661392211914062
30.364885330200195
43.28736877441406
53.59899139404297
9.070430755615234
19.225099563598633
31.67496681213379
44.140960693359375
55.11049270629883
12.285099029541016
27.734846115112305
42.877925872802734
53.125205993652344
60.10158157348633
10.641462326049805
23.826539993286133
38.13807678222656
49.52340316772461
57.713409423828125
11.89693546295166
25.898223876953125
41.28874206542969
50.44741439819336
57.429901123046875
9.24824047088623
18.539264678955078
29.903701782226562
40.782047271728516
51.576194763183594
11.544132232666016
25.291654586791992
39.21780014038086
49.387359619140625
57.273704528808594
9.041586875915527
18.20868682861328
30.875003814697266
43.503936767578125
53.86034393310547
10.05218505859375
20.23082160949707
32.05781555175781
44.11083221435547
54.01972198486328
13.564618110656738
25.52579689025879
40.59808349609375
60.77986145019531
74.8950424194336
15.097650527954102
26.032182693481445
40.396766662597656
58.1994743347168
71.11512756347656
15.84951114654541
28.46398162841797
44.98599624633789
66.24139404296875
77.11150360107422
13.879475593566895
25.708194732666016
41.77808380126953
61.17390441894531
73.34974670410156
15.260815620422363
28.741907119750977
50.78921890258789
65.51171875
71.95018768310547
12.905533790588379
24.576414108276367
38.36539077758789
56.2439079284668
71.03435516357422
12.923855781555176
23.409669876098633
37.12855911254883
54.62384033203125
74.76535034179688
17.088823318481445
30.449398040771484
48.01925277709961
65.1446762084961
76.25829315185547
15.03718090057373
27.188404083251953
43.36321258544922
61.522552490234375
73.70117950439453
15.61178207397461
29.50971794128418
48.12272644042969
61.86802673339844
67.1196517944336
20.733196258544922
38.210575103759766
57.53112030029297
66.84486389160156
69.51161193847656
9.033722877502441
17.4687557220459
28.889698028564453
41.99409103393555
59.08590316772461
13.366134643554688
24.439220428466797
38.23912048339844
54.570579528808594
71.18989562988281
16.749963760375977
31.468923568725586
50.2428092956543
63.72383117675781
68.6934585571289
11.258800506591797
21.190521240234375
33.98182678222656
50.376129150390625
70.37663269042969
9.873567581176758
19.52181053161621
30.874713897705078
44.73759460449219
62.33927536010742
17.859514236450195
31.20224952697754
48.99461364746094
69.06349182128906
76.29759979248047
19.569744110107422
33.98780822753906
53.98503875732422
68.3182373046875
74.75049591064453
13.731489181518555
24.94321632385254
40.242618560791016
60.71807098388672
70.49635314941406
15.93222713470459
28.447919845581055
46.52669143676758
65.50502014160156
75.02997589111328
10.793083190917969
20.53367042541504
33.224178314208984
49.2413444519043
69.03414154052734
18.09087562561035
33.41877365112305
50.094547271728516
65.36943054199219
75.37571716308594
16.322612762451172
28.682796478271484
46.33083724975586
65.13262176513672
75.85964965820312
21.870182037353516
41.89656448364258
54.288330078125
57.29485321044922
58.479217529296875
13.824606895446777
25.468372344970703
42.28664779663086
65.40300750732422
76.10485076904297
20.524417877197266
36.11159133911133
53.3825798034668
63.036922454833984
66.61691284179688
12.036341667175293
21.973756790161133
34.38418960571289
51.0045166015625
70.86618041992188
16.86223602294922
32.45901107788086
50.11166000366211
62.066410064697266
67.8792724609375
13.657121658325195
25.22127342224121
41.68632507324219
60.69913101196289
75.08486938476562
16.754362106323242
30.447982788085938
48.7822151184082
67.18235778808594
75.59937286376953
21.662904739379883
34.9833984375
47.35818099975586
58.06073760986328
67.57849884033203
22.523460388183594
35.97892379760742
48.852542877197266
59.14210891723633
67.6978759765625
22.039968490600586
35.69192886352539
48.69435501098633
59.525142669677734
66.97671508789062
21.256101608276367
35.240379333496094
47.7205696105957
60.097049713134766
67.94253540039062
21.336917877197266
35.14198684692383
47.21999740600586
59.294952392578125
68.75310516357422
21.8209228515625
36.08859634399414
48.56818771362305
58.752079010009766
68.44735717773438
20.94269371032715
33.36910629272461
45.5031852722168
57.16216278076172
65.33601379394531
19.800827026367188
32.11117935180664
45.41173553466797
56.29561996459961
66.34136199951172
20.18596076965332
33.00039291381836
45.681739807128906
56.90264892578125
65.3113021850586
22.728822708129883
37.4056282043457
50.41808319091797
60.57008743286133
69.75300598144531
23.839609146118164
37.8904914855957
50.21282958984375
60.58714294433594
68.76177215576172
18.894142150878906
31.247562408447266
44.09844970703125
54.48469543457031
64.9560775756836
21.01291275024414
32.52609634399414
45.019588470458984
54.821205139160156
64.8442153930664
21.66692352294922
36.390140533447266
48.403263092041016
60.340396881103516
68.3182373046875
20.33039665222168
33.48714065551758
45.222373962402344
56.2458381652832
65.1842269897461
20.02474594116211
33.96971893310547
46.46217727661133
58.692378997802734
67.95172119140625
20.999616622924805
34.2232780456543
47.05418014526367
58.65375900268555
68.24093627929688
22.183305740356445
34.53278732299805
48.2187614440918
58.878089904785156
68.45243835449219
22.31182861328125
35.07325744628906
47.37546920776367
57.9589729309082
67.05252075195312
20.252012252807617
33.4328498840332
45.81964111328125
57.62382507324219
67.48187255859375
21.51080894470215
35.67038345336914
48.8026123046875
58.84540557861328
66.81172943115234
20.256322860717773
32.790523529052734
45.38125991821289
58.35398483276367
66.43209838867188
21.250839233398438
33.74545669555664
46.73799514770508
59.01639938354492
67.16670989990234
23.595792770385742
39.8306884765625
53.2020149230957
62.09900665283203
69.85433959960938
22.286325454711914
36.52644348144531
49.59614944458008
60.25190353393555
69.35942840576172
22.954214096069336
38.48766326904297
51.212223052978516
60.238853454589844
68.19477844238281
19.809162139892578
34.15647506713867
47.10452651977539
57.45082473754883
67.5205307006836
22.792024612426758
36.50259780883789
49.20558547973633
59.449527740478516
67.86985778808594
19.73917579650879
33.211570739746094
45.79484558105469
57.63066482543945
67.21126556396484
21.477914810180664
33.719120025634766
46.987754821777344
58.35993576049805
68.02014923095703
7.6987504959106445
17.239540100097656
34.785770416259766
56.416282653808594
68.50965118408203
9.553572654724121
21.41740608215332
40.34404373168945
54.809234619140625
67.2879409790039
11.14188289642334
22.874042510986328
41.97148132324219
66.03067016601562
71.8381118774414
8.826833724975586
22.440853118896484
40.32776641845703
64.57020568847656
69.356201171875
5.421365261077881
21.34789276123047
44.955081939697266
60.03975296020508
70.75841522216797
8.920658111572266
24.629653930664062
37.37353515625
54.699398040771484
67.0589599609375
6.281152248382568
17.62434959411621
33.79581069946289
54.57645034790039
65.72850799560547
8.499258041381836
21.487436294555664
43.11320114135742
65.65834045410156
72.416259765625
5.092767238616943
22.525487899780273
42.35847091674805
60.49110412597656
68.54945373535156
5.3271965980529785
21.411977767944336
49.98813247680664
57.62009048461914
63.56146240234375
10.850190162658691
33.54364013671875
52.22534942626953
69.98397827148438
70.95022583007812
7.9665207862854
13.444744110107422
29.32544708251953
46.58378601074219
63.05860900878906
9.800090789794922
22.119062423706055
38.682064056396484
54.842628479003906
73.04300689697266
12.731904029846191
31.92959213256836
49.88996505737305
57.67070388793945
67.05906677246094
5.1388444900512695
15.721481323242188
28.454559326171875
47.13677215576172
65.66188049316406
6.77409553527832
14.860234260559082
30.345333099365234
48.005104064941406
64.5927505493164
10.096467971801758
26.377933502197266
45.20746994018555
56.64822769165039
69.99130249023438
6.969248294830322
24.575515747070312
47.013999938964844
66.46121978759766
75.68598175048828
10.066354751586914
22.001575469970703
38.803192138671875
56.7906379699707
68.712158203125
6.216793060302734
19.30879020690918
41.62057876586914
58.24481201171875
71.09198760986328
6.100983619689941
17.094982147216797
30.504749298095703
49.90288543701172
62.21712112426758
7.00395393371582
26.778722763061523
47.93832778930664
64.72874450683594
76.28215789794922
10.1298189163208
23.53923225402832
42.224910736083984
58.470130920410156
70.06285095214844
17.34975814819336
39.82466125488281
52.61189270019531
61.43226623535156
61.43226623535156
8.741900444030762
11.989215850830078
35.508888244628906
60.40544891357422
71.98015594482422
12.117753982543945
34.104244232177734
55.523502349853516
58.01988220214844
66.08953857421875
8.478654861450195
19.315061569213867
33.22529983520508
53.82371139526367
63.711612701416016
10.892516136169434
32.651519775390625
51.81256103515625
64.23271179199219
69.25015258789062
6.258311748504639
18.016494750976562
37.02938461303711
60.90766906738281
71.20565032958984
7.851789474487305
22.431041717529297
45.089542388916016
60.40560531616211
74.410400390625
10.153463363647461
23.583972930908203
40.8053092956543
60.105960845947266
76.71186065673828
14.655840873718262
31.65806770324707
48.83847427368164
63.21403503417969
72.63735961914062
13.78223705291748
29.46478843688965
47.44931411743164
66.82093048095703
77.85379028320312
15.122781753540039
32.57560348510742
46.86305618286133
63.90965270996094
75.158203125
15.90380859375
32.42263412475586
50.23906707763672
67.54330444335938
72.87764739990234
12.905073165893555
25.65447235107422
40.83300018310547
57.704551696777344
73.27729797363281
10.896079063415527
24.552431106567383
43.239192962646484
59.06626892089844
75.84109497070312
10.966999053955078
27.11907386779785
46.71979904174805
65.5202407836914
78.43003845214844
10.808511734008789
26.73652458190918
45.539764404296875
64.59713745117188
76.33589172363281
14.672073364257812
33.497772216796875
50.15731430053711
63.646183013916016
68.97998046875
15.990421295166016
39.013580322265625
57.34450912475586
68.41119384765625
71.51021575927734
9.51295280456543
20.085317611694336
38.139156341552734
53.23886489868164
66.277587890625
10.100234985351562
24.861970901489258
42.28114318847656
55.301456451416016
71.9268569946289
20.843957901000977
36.436920166015625
53.03786087036133
65.94646453857422
69.63447570800781
10.151122093200684
22.743379592895508
36.224998474121094
51.51162338256836
71.13970947265625
9.838112831115723
21.69916343688965
37.92778396606445
53.9764289855957
67.28792572021484
13.940428733825684
32.85386657714844
51.397701263427734
68.60636901855469
77.85111999511719
13.902543067932129
32.952049255371094
53.05254364013672
69.95399475097656
76.05650329589844
15.755670547485352
29.838151931762695
46.395076751708984
62.50654220581055
71.50688934326172
12.0678129196167
26.958080291748047
44.87944412231445
65.31480407714844
76.80269622802734
11.11678409576416
24.643115997314453
40.151893615722656
56.12392807006836
70.98030853271484
10.872400283813477
29.031761169433594
52.360862731933594
67.72138977050781
77.64629364013672
12.412187576293945
29.90937042236328
47.413780212402344
65.44691467285156
78.37842559814453
23.598716735839844
42.011783599853516
54.82938766479492
60.24427795410156
61.860862731933594
12.19517707824707
26.51603889465332
42.86077880859375
65.22915649414062
77.65653991699219
18.860336303710938
37.23152542114258
54.82603454589844
66.0963134765625
68.70093536376953
12.436111450195312
26.0952091217041
43.094200134277344
58.338863372802734
72.42192077636719
17.632116317749023
36.5241813659668
52.69318771362305
64.54641723632812
68.79720306396484
11.20228099822998
24.707420349121094
41.92109298706055
61.75025177001953
76.18993377685547
12.082682609558105
28.356796264648438
48.85589599609375
68.43632507324219
77.01138305664062
