8.24666976928711
8.265055656433105
8.255148887634277
4.996788024902344
3.816354751586914
6.83258056640625
5.400256156921387
7.330799102783203
6.376691818237305
2.9521710872650146
7.726410865783691
6.211652755737305
3.2013185024261475
3.215313196182251
2.2370786666870117
7.807122707366943
7.315177917480469
8.8607816696167
6.325491905212402
5.314440727233887
8.144550323486328
6.018852710723877
5.125086784362793
6.6023268699646
4.921750068664551
7.212446689605713
5.3382463455200195
6.452463150024414
5.716219425201416
3.841615676879883
9.156341552734375
6.664504051208496
5.586399078369141
3.487708806991577
6.715595722198486
7.073768615722656
8.813546180725098
5.786342144012451
6.253796577453613
4.416050910949707
5.893670082092285
7.144397258758545
4.151231288909912
5.904574394226074
2.6908516883850098
8.836407661437988
8.896544456481934
7.569595813751221
4.6142706871032715
6.389193058013916
8.856815338134766
9.033857345581055
6.760041236877441
4.212986469268799
5.750533103942871
6.119333267211914
7.3585381507873535
8.645008087158203
2.2898173332214355
1.6433131694793701
8.036314964294434
8.08537483215332
5.920109748840332
3.958759307861328
8.457182884216309
7.414361000061035
8.721227645874023
8.015585899353027
9.164388656616211
5.750295639038086
8.40010929107666
5.351701736450195
4.1024861335754395
3.8595876693725586
3.191797971725464
8.795069694519043
6.064314842224121
4.960541725158691
6.096628189086914
2.6409687995910645
6.1878557205200195
4.875228404998779
4.705676555633545
3.5123391151428223
6.0291218757629395
8.079675674438477
7.6561713218688965
6.190652847290039
3.4677817821502686
3.4592783451080322
7.175933837890625
8.303516387939453
5.15365743637085
5.049891471862793
7.0265889167785645
8.191566467285156
7.126593112945557
5.376409530639648
6.1023664474487305
6.779304504394531
7.253671646118164
5.993282794952393
8.07080078125
4.589338302612305
4.114743232727051
7.514993190765381
6.708915710449219
6.439145565032959
4.3080620765686035
2.4373738765716553
6.379732131958008
7.752281665802002
6.611884117126465
3.8284053802490234
4.501677989959717
8.931682586669922
8.627447128295898
7.116192817687988
3.656123399734497
8.841588973999023
7.428215980529785
7.610576629638672
6.167478561401367
6.546472549438477
2.7382428646087646
7.772701263427734
6.098647117614746
3.307448148727417
2.472515344619751
2.6326258182525635
9.018403053283691
8.863221168518066
5.138197898864746
3.3385157585144043
4.5815749168396
8.016490936279297
6.244072437286377
4.178856372833252
3.3183305263519287
5.126829147338867
7.421073913574219
6.565445899963379
3.9512226581573486
6.323604106903076
3.9850730895996094
0.0       
0.0       
0.0       
0.0       
0.0       
0.0       
0.0       
0.0       
0.0       
0.0       
0.0       
0.0       
0.0       
0.0       
0.0       
0.0       
0.0       
0.0       
0.0       
0.0       
0.0       
0.0       
0.0       
0.0       
0.0       
0.0       
0.0       
0.0       
0.0       
5.594786167144775
5.844105243682861
6.769346714019775
2.9642534255981445
7.941816806793213
7.382874011993408
5.870140552520752
5.244425296783447
3.8459033966064453
8.235624313354492
8.688883781433105
4.101764678955078
4.637092113494873
5.8096604347229
6.358211994171143
7.6824951171875
8.579059600830078
5.085091590881348
7.161902904510498
6.375324249267578
6.33453893661499
6.813640117645264
4.009723663330078
8.480299949645996
7.953886032104492
6.7897491455078125
5.597430229187012
4.0488128662109375
5.049010753631592
6.626369953155518
6.643033027648926
3.9338340759277344
6.0791120529174805
5.820092678070068
4.835787296295166
6.790064334869385
7.561303615570068
7.124872207641602
5.765165328979492
8.17658519744873
8.21085262298584
6.248623847961426
5.448786735534668
5.102571964263916
4.434988975524902
4.090219020843506
6.719936370849609
7.0297160148620605
5.4339070320129395
5.958501815795898
4.691000938415527
8.10904312133789
6.7431159019470215
7.084983825683594
6.2579827308654785
5.418715476989746
6.349456310272217
7.988831996917725
6.665693759918213
4.4596028327941895
5.355123519897461
6.1507768630981445
3.5585343837738037
5.627208709716797
5.842730522155762
7.267282009124756
4.069649696350098
7.386524677276611
7.965759754180908
7.860540390014648
2.3294970989227295
6.166512489318848
8.281196594238281
5.939457416534424
5.82547664642334
5.8308186531066895
6.064486503601074
7.905856609344482
5.4011549949646
6.699835300445557
6.822185516357422
4.160282611846924
7.900006294250488
4.334928512573242
6.535587310791016
5.543935298919678
5.345015048980713
7.283722400665283
5.029133319854736
2.918592929840088
6.741026401519775
3.723294734954834
6.508665561676025
3.382887363433838
3.515216827392578
4.8360466957092285
6.935430526733398
4.878490924835205
7.006744384765625
7.529420852661133
5.37015438079834
5.501245975494385
6.58555793762207
8.760370254516602
7.44634485244751
4.849313735961914
8.148778915405273
4.1332621574401855
6.067397117614746
6.514280319213867
3.6865854263305664
5.736127853393555
6.298137187957764
6.425171852111816
6.437503814697266
8.544954299926758
7.683262348175049
7.598639488220215
5.675817966461182
7.797347545623779
7.944772720336914
5.588376998901367
7.789145469665527
7.37871789932251
7.322403430938721
5.369424343109131
6.690782070159912
7.556298732757568
5.92298698425293
6.313838005065918
6.7844672203063965
7.593143463134766
3.98569393157959
7.385047435760498
6.7823805809021
4.542961120605469
4.056209087371826
7.808382987976074
7.606243133544922
5.872824192047119
6.685482025146484
5.181304931640625
5.346207618713379
7.737975597381592
4.488000869750977
0.0       
0.0       
0.0       
0.0       
0.0       
0.0       
0.0       
0.0       
0.0       
0.0       
0.0       
0.0       
0.0       
0.0       
0.0       
0.0       
0.0       
0.0       
0.0       
0.0       
0.0       
0.0       
0.0       
0.0       
0.0       
0.0       
0.0       
0.0       
0.0       
0.0       
4.851268768310547
5.289722919464111
7.586602687835693
7.593263149261475
7.74263334274292
6.514565467834473
5.989274501800537
0.0       
6.29741096496582
0.0       
5.2808942794799805
6.681237697601318
6.201136589050293
4.1762824058532715
0.0       
6.61438512802124
5.183568000793457
2.546740770339966
0.0       
5.6085662841796875
0.0       
5.6993842124938965
0.0       
0.0       
3.084779977798462
6.247137546539307
7.8503923416137695
7.546878337860107
8.101645469665527
4.700349807739258
7.417202949523926
6.861421585083008
3.9327287673950195
0.0       
0.0       
5.258753299713135
6.946290493011475
5.130197525024414
7.150757312774658
6.4070587158203125
6.1025776863098145
7.0165114402771
7.480298042297363
7.768454551696777
7.892144680023193
6.266951084136963
7.937438488006592
3.8721938133239746
0.0       
4.861697673797607
6.287547588348389
6.373645305633545
0.0       
5.616268634796143
6.11163330078125
0.0       
1.7289583683013916
2.0594327449798584
7.652887344360352
4.7705464363098145
2.1983344554901123
5.672365665435791
0.0       
8.274940490722656
0.0       
0.0       
4.5331010818481445
2.170750141143799
0.0       
7.20136833190918
0.0       
0.0       
6.198553085327148
2.9188649654388428
0.0       
2.8497583866119385
5.721651077270508
7.750845432281494
4.788801670074463
6.053865432739258
3.0507888793945312
5.649013042449951
0.0       
4.196774482727051
7.848261833190918
0.0       
6.9890851974487305
0.0       
3.05842924118042
6.176250457763672
5.390870094299316
0.0       
5.6792521476745605
0.0       
5.13606071472168
0.0       
6.04808235168457
5.966957092285156
0.0       
3.1034440994262695
2.248055934906006
2.0842416286468506
6.380496025085449
1.6295548677444458
6.196354866027832
8.33631420135498
6.118893623352051
5.293776035308838
0.0       
4.50992488861084
0.0       
3.733297824859619
2.2879815101623535
7.882181644439697
6.0817437171936035
0.0       
0.0       
0.0       
5.979887008666992
8.451024055480957
6.4651875495910645
0.0       
6.872177600860596
5.423254489898682
4.066385269165039
7.366550445556641
0.0       
4.984508991241455
6.025277137756348
0.0       
5.765094757080078
6.8613810539245605
0.0       
8.154192924499512
5.682224273681641
6.984906196594238
6.756992816925049
0.0       
0.0       
2.808049440383911
6.883322715759277
6.393726825714111
7.218619346618652
0.0       
6.832457065582275
0.0       
3.668538808822632
5.723992347717285
4.099179744720459
0.0       
7.3985395431518555
0.0       
7.517802715301514
8.171991348266602
7.964381217956543
0.0       
7.078529357910156
0.0       
8.000173568725586
0.0       
4.263218879699707
7.245824337005615
5.23046875
5.8267083168029785
0.0       
6.6491780281066895
7.299470901489258
7.359964370727539
6.786722183227539
5.773058891296387
7.9926018714904785
4.41495943069458
3.496236562728882
8.029755592346191
5.563084602355957
8.455639839172363
7.065361499786377
7.828273296356201
0.0       
8.505202293395996
6.6601457595825195
2.851637601852417
0.0       
4.099719524383545
0.0       
5.546952247619629
0.0       
0.0       
0.0       
7.834980010986328
5.730981349945068
7.237483978271484
7.921849250793457
3.914170980453491
6.8648834228515625
5.913163661956787
3.359964370727539
4.082282066345215
7.789793968200684
8.63864517211914
7.696138381958008
5.533083438873291
0.0       
4.569374084472656
0.0       
0.0       
7.087296485900879
0.0       
5.2671217918396
3.272632598876953
3.170947790145874
7.490236282348633
4.308503150939941
7.70031213760376
5.017500400543213
5.000856876373291
8.207717895507812
6.968599319458008
7.074428558349609
7.074301719665527
5.569551467895508
0.0       
0.0       
8.799560546875
6.93582820892334
7.5423150062561035
6.368957996368408
5.492861747741699
0.0       
7.648324489593506
0.0       
0.0       
0.0       
4.1185221672058105
6.530747413635254
0.0       
6.493792533874512
0.0       
2.3992228507995605
3.0478668212890625
5.554218769073486
6.359827518463135
2.15390682220459
6.7023210525512695
0.0       
0.0       
6.206878185272217
0.0       
7.124622821807861
3.5390477180480957
4.939726829528809
0.0       
5.913438320159912
0.0       
7.722068786621094
2.186180353164673
0.0       
5.473803520202637
6.217545032501221
0.0       
7.21638298034668
7.598672866821289
6.710082054138184
3.921563148498535
6.719278335571289
3.316582679748535
7.348825454711914
0.0       
6.421714782714844
5.937490463256836
6.457857131958008
7.684548377990723
6.035932540893555
0.0       
6.309327125549316
6.67852783203125
5.433115482330322
0.0       
4.389934062957764
0.0       
5.83815336227417
5.722385406494141
2.625835657119751
3.136277437210083
6.33298397064209
6.858159065246582
3.780984401702881
7.598672866821289
5.099172592163086
2.80142879486084
6.8047895431518555
0.0       
4.466369152069092
0.0       
6.057623863220215
2.6434171199798584
4.7870612144470215
3.268120050430298
6.73627233505249
3.5689332485198975
6.4659199714660645
0.0       
7.1544647216796875
7.684548377990723
8.029339790344238
7.377596855163574
6.702068328857422
0.0       
4.816555500030518
6.421714782714844
6.850435256958008
6.133091926574707
0.0       
0.0       
5.656431674957275
6.421714782714844
7.124622821807861
6.7632317543029785
7.1902666091918945
4.355865478515625
0.0       
2.2494866847991943
2.568727970123291
4.2212629318237305
5.99889612197876
7.373471260070801
4.051803112030029
4.776334762573242
5.63918399810791
7.377596855163574
4.980226516723633
2.4606072902679443
5.101199150085449
6.1832356452941895
0.0       
5.2857513427734375
5.3094162940979
0.0       
0.0       
0.0       
0.0       
2.867367744445801
4.7005720138549805
0.0       
5.298092842102051
3.6965670585632324
5.688027858734131
0.0       
0.0       
7.7859601974487305
0.0       
7.864678859710693
8.273611068725586
6.698840618133545
7.731601238250732
3.7495124340057373
7.9867448806762695
4.004526138305664
0.0       
7.14774751663208
4.228348255157471
0.0       
4.451983451843262
8.251927375793457
0.0       
0.0       
3.7788360118865967
0.0       
3.2341268062591553
2.891592502593994
7.994625568389893
4.262027263641357
8.118440628051758
8.173391342163086
6.879550933837891
4.790386199951172
3.1798171997070312
6.485509395599365
0.0       
8.206283569335938
0.0       
6.222182273864746
4.010392665863037
0.0       
7.864678859710693
8.118440628051758
7.937929630279541
7.993836402893066
5.182259559631348
7.918320655822754
5.9602580070495605
8.117265701293945
7.5768609046936035
3.4432098865509033
0.0       
8.172077178955078
4.6104607582092285
0.0       
0.0       
5.2641777992248535
7.020181179046631
8.323472023010254
7.70182466506958
4.9813079833984375
0.0       
8.273611068725586
7.32149600982666
0.0       
8.344351768493652
8.322839736938477
5.463878154754639
8.3143892288208
8.3143892288208
8.223404884338379
0.0       
0.0       
0.0       
8.214250564575195
0.0       
5.236700534820557
8.16430377960205
8.076860427856445
8.117265701293945
4.6507568359375
8.264832496643066
7.419548988342285
7.687934398651123
0.0       
5.381531238555908
8.107608795166016
8.073783874511719
2.7987754344940186
6.93308162689209
0.0       
8.172077178955078
8.01181411743164
0.0       
0.0       
8.292673110961914
3.84464693069458
8.085445404052734
4.902827739715576
8.142812728881836
7.994616985321045
0.0       
8.219388008117676
7.994616985321045
0.0       
7.994625568389893
0.0       
5.875665664672852
4.575847148895264
0.0       
4.072198867797852
7.007412433624268
8.322839736938477
3.806210994720459
7.90423059463501
8.076860427856445
4.401291847229004
7.2150349617004395
4.937546730041504
9.365043640136719
3.4654388427734375
4.548728942871094
7.7506794929504395
4.154861927032471
7.509042263031006
4.649718284606934
3.4426331520080566
6.246857166290283
3.4177582263946533
3.478395938873291
9.036126136779785
5.80612325668335
6.989941120147705
4.6424407958984375
3.5564751625061035
9.250656127929688
6.828965663909912
4.366635799407959
9.2435302734375
9.05838680267334
6.850451946258545
6.905879974365234
6.445545673370361
6.750894069671631
8.238781929016113
4.984606742858887
5.10542631149292
7.400915145874023
9.02865219116211
9.046897888183594
5.119501113891602
7.961538314819336
5.053365707397461
7.45237398147583
7.941768646240234
5.86492395401001
9.217778205871582
8.820174217224121
3.4083454608917236
8.460648536682129
4.65598201751709
5.23284387588501
9.390440940856934
5.1918134689331055
7.952721118927002
8.639217376708984
8.120254516601562
8.891565322875977
8.781004905700684
3.3282828330993652
5.218567848205566
5.057580947875977
9.124298095703125
9.04862117767334
3.1214256286621094
8.993626594543457
8.532635688781738
7.286970615386963
5.584441661834717
2.9016058444976807
7.983522415161133
8.9168119430542
6.010730266571045
6.033975601196289
7.290849685668945
5.117824554443359
7.488148212432861
5.801479816436768
8.034310340881348
6.77155876159668
2.422797918319702
3.6582813262939453
8.963264465332031
2.992323637008667
6.940446853637695
8.948418617248535
2.9972105026245117
3.8322486877441406
7.918750762939453
4.495519161224365
3.009636163711548
6.980369567871094
9.317440032958984
5.285800933837891
7.056856155395508
5.381521224975586
7.737383842468262
7.926844596862793
7.9647135734558105
9.055290222167969
4.18588924407959
7.512202739715576
7.922122955322266
2.9887855052948
2.5466325283050537
5.107852458953857
3.2462680339813232
6.357977390289307
3.950751781463623
8.978984832763672
8.886065483093262
7.895771026611328
4.898776531219482
6.991845607757568
6.99521017074585
6.0375494956970215
5.414611339569092
7.72252082824707
8.942179679870605
4.84780740737915
7.299056053161621
7.82804012298584
4.234129905700684
4.57642126083374
7.325742244720459
7.5120649337768555
8.348451614379883
7.748645305633545
7.6474714279174805
7.373391628265381
3.249997854232788
7.310893535614014
2.9653751850128174
7.406345367431641
7.548110485076904
8.105666160583496
8.3391752243042
4.389560222625732
3.2319295406341553
8.049081802368164
7.866665363311768
9.122662544250488
8.962912559509277
3.9898626804351807
6.750036239624023
7.599892616271973
7.453779697418213
4.122877597808838
7.595693111419678
7.270925045013428
8.902544975280762
0.0       
0.0       
0.0       
0.0       
0.0       
0.0       
0.0       
0.0       
0.0       
0.0       
0.0       
0.0       
0.0       
0.0       
0.0       
0.0       
0.0       
0.0       
0.0       
0.0       
0.0       
0.0       
0.0       
0.0       
0.0       
0.0       
0.0       
0.0       
0.0       
