15.116009712219238
21.389747619628906
29.042537689208984
36.61409378051758
44.599365234375
18.195064544677734
25.349716186523438
33.680728912353516
41.27049255371094
49.37153625488281
20.509775161743164
29.299779891967773
38.520755767822266
46.24737548828125
52.67104721069336
19.073875427246094
26.61959457397461
35.194419860839844
43.08784866333008
50.528900146484375
14.214385032653809
20.217864990234375
27.363340377807617
35.384002685546875
44.20216369628906
16.01850700378418
22.642147064208984
30.34160804748535
37.96553421020508
45.63862609863281
17.689563751220703
24.984786987304688
34.08197021484375
42.39058303833008
50.6054573059082
15.116766929626465
21.164491653442383
28.494766235351562
36.616939544677734
44.760772705078125
19.64120864868164
28.339359283447266
37.21445083618164
44.83019256591797
51.539894104003906
18.730134963989258
26.408296585083008
35.020084381103516
42.79197311401367
49.90908432006836
16.947389602661133
23.937711715698242
31.430566787719727
39.272464752197266
46.978126525878906
18.434972763061523
25.70722198486328
34.21051025390625
42.32279968261719
49.509883880615234
14.134778022766113
19.380847930908203
25.7665958404541
32.659934997558594
40.28215408325195
15.328486442565918
21.6434326171875
29.38552474975586
37.31966781616211
45.73484802246094
19.07714080810547
26.960691452026367
35.60531234741211
43.12615966796875
50.21405792236328
19.410778045654297
26.992515563964844
35.56067657470703
42.575233459472656
49.519866943359375
18.24614143371582
25.469383239746094
33.78028869628906
41.13228225708008
48.24167251586914
16.265928268432617
22.5477352142334
30.262615203857422
37.86457824707031
45.777591705322266
16.83661460876465
23.862333297729492
31.89824867248535
39.418174743652344
47.292137145996094
15.609418869018555
23.326845169067383
32.26383972167969
42.24773025512695
50.126163482666016
18.21331024169922
26.024568557739258
34.034393310546875
41.2999382019043
48.08224868774414
17.53240394592285
24.700632095336914
32.66984558105469
40.629486083984375
48.01902389526367
20.29463005065918
29.160274505615234
37.97696304321289
45.6850471496582
52.35525894165039
16.877132415771484
23.767122268676758
32.2045783996582
40.47994613647461
48.89417266845703
17.515525817871094
25.762248992919922
34.74500274658203
42.441104888916016
49.10849380493164
11.220744132995605
16.12420654296875
22.796396255493164
29.688600540161133
37.2606086730957
12.156463623046875
17.354537963867188
24.215120315551758
31.703022003173828
39.613128662109375
12.829113960266113
19.02513885498047
27.25466537475586
36.09495544433594
43.88102722167969
12.667323112487793
18.57496452331543
25.83049201965332
33.82774353027344
41.80268096923828
10.469232559204102
15.120352745056152
20.95921516418457
27.87757682800293
35.738380432128906
11.385260581970215
16.8197021484375
23.159826278686523
30.89147186279297
38.478233337402344
11.48314380645752
17.3026065826416
24.411590576171875
32.6083869934082
41.06956100463867
10.821393966674805
15.63731575012207
21.66269302368164
28.623422622680664
36.423606872558594
12.489874839782715
18.737133026123047
26.765161514282227
35.83707046508789
43.53159713745117
12.569945335388184
18.316495895385742
25.765119552612305
33.66827392578125
41.4898796081543
12.088301658630371
17.016427993774414
23.627031326293945
30.99324607849121
38.373069763183594
12.855592727661133
18.73316192626953
25.645545959472656
33.45563507080078
41.269065856933594
10.91723918914795
15.628920555114746
21.173294067382812
27.62152099609375
34.55825424194336
11.052572250366211
16.044734954833984
21.98592185974121
28.920307159423828
36.74076461791992
12.734950065612793
18.625274658203125
26.101726531982422
34.27885437011719
41.891841888427734
12.979057312011719
18.81614112854004
26.397157669067383
34.05956268310547
42.128692626953125
12.659229278564453
18.033397674560547
24.850830078125
32.49669647216797
39.812049865722656
11.687904357910156
16.33214569091797
22.814443588256836
29.823535919189453
37.516292572021484
11.422310829162598
16.66794204711914
23.671781539916992
31.166345596313477
38.720802307128906
10.63353443145752
16.28228187561035
23.6145076751709
32.362709045410156
41.30508041381836
11.81637191772461
17.398386001586914
24.88599395751953
33.04552459716797
40.70344161987305
11.92502212524414
17.284685134887695
24.17424774169922
32.126556396484375
39.7442626953125
12.780567169189453
19.28256607055664
27.333091735839844
35.887176513671875
43.907623291015625
12.032485961914062
17.396696090698242
23.973060607910156
31.630084991455078
39.63998794555664
10.97293758392334
16.858715057373047
24.773221969604492
33.05653381347656
41.19549560546875
29.19508171081543
36.8260383605957
44.714786529541016
52.642887115478516
60.22136306762695
32.85665512084961
40.71026611328125
48.492950439453125
56.30368423461914
63.17591857910156
36.312965393066406
43.84223556518555
51.140567779541016
57.91937255859375
64.31217956542969
34.09975814819336
41.57326126098633
49.349124908447266
56.686614990234375
63.61195755004883
27.367530822753906
35.40887451171875
43.630184173583984
52.84424591064453
61.62737274169922
30.093759536743164
37.700382232666016
45.55869674682617
52.6575927734375
60.114463806152344
32.12851333618164
40.50260543823242
48.588050842285156
56.815391540527344
64.6675033569336
28.238622665405273
35.70307922363281
44.14030456542969
52.830780029296875
61.12108612060547
35.44960021972656
43.10557556152344
49.99827194213867
57.03047180175781
64.02638244628906
33.649932861328125
41.23637008666992
49.04484939575195
56.5892333984375
63.49989700317383
31.34296417236328
39.07563781738281
46.694793701171875
54.35831832885742
61.720638275146484
33.26615524291992
41.03732681274414
48.84389114379883
55.98777770996094
62.75117874145508
27.179492950439453
34.1432991027832
41.96253967285156
49.59953308105469
57.335060119628906
28.9271240234375
36.778968811035156
45.44270324707031
53.335514068603516
61.69755554199219
34.29825210571289
41.76140594482422
49.30366134643555
56.25323486328125
62.71390914916992
33.99143981933594
41.05422592163086
48.577213287353516
55.3372917175293
62.19190979003906
32.990386962890625
40.23823547363281
47.40578842163086
54.39268493652344
61.543975830078125
30.055747985839844
37.529727935791016
45.48073196411133
53.518497467041016
60.78050994873047
30.692676544189453
38.190330505371094
45.98141860961914
53.82391357421875
61.40669250488281
31.326282501220703
40.407386779785156
48.3033332824707
55.20376205444336
61.908382415771484
32.831485748291016
39.717506408691406
47.0615119934082
54.33856964111328
61.72861862182617
32.032867431640625
39.69753646850586
47.28241729736328
54.659786224365234
62.295448303222656
35.562252044677734
43.218849182128906
50.43687057495117
57.43677520751953
64.005859375
31.336233139038086
39.63056182861328
47.883846282958984
55.95532989501953
63.7261848449707
32.7468147277832
40.1447639465332
47.36084747314453
54.10383224487305
61.24625778198242
4.677769184112549
7.578549861907959
11.564861297607422
16.165843963623047
22.79702377319336
5.757885932922363
9.183561325073242
14.028383255004883
20.6962890625
29.61954116821289
6.325128555297852
10.448629379272461
15.625473976135254
23.089828491210938
32.927955627441406
5.840006351470947
9.437692642211914
14.040063858032227
20.953107833862305
30.242809295654297
4.544793605804443
7.3536553382873535
11.561982154846191
17.002389907836914
24.150766372680664
5.153354644775391
8.009099006652832
12.085368156433105
17.593910217285156
23.469928741455078
4.875294208526611
8.176609992980957
12.644804000854492
19.119064331054688
26.99030113220215
4.732265472412109
7.47108793258667
11.534669876098633
16.945669174194336
23.86038589477539
5.149903297424316
8.37938117980957
13.167126655578613
19.7745418548584
27.99228286743164
6.07086706161499
8.907787322998047
13.348114967346191
19.44611358642578
27.207090377807617
5.230740547180176
7.88969612121582
12.071782112121582
17.57965660095215
24.723337173461914
6.103774070739746
9.424323081970215
14.451042175292969
21.196834564208984
29.426441192626953
4.664697170257568
6.852598667144775
10.538412094116211
15.077336311340332
21.23895835876465
4.904565334320068
7.621638298034668
11.726205825805664
17.234779357910156
24.468034744262695
6.876594543457031
10.620795249938965
15.994341850280762
23.043907165527344
31.34866714477539
5.610089302062988
8.512336730957031
12.966236114501953
18.755027770996094
25.919538497924805
5.3096747398376465
8.034700393676758
12.456988334655762
18.392858505249023
25.768474578857422
4.928708076477051
7.870838642120361
11.972748756408691
17.40240478515625
24.362611770629883
4.433699607849121
8.473840713500977
13.309660911560059
18.207067489624023
27.97681999206543
6.285216331481934
9.920387268066406
15.168235778808594
22.101316452026367
30.750383377075195
4.9472150802612305
7.823580741882324
11.810029029846191
17.223209381103516
23.82412338256836
5.946066856384277
8.924280166625977
13.692063331604004
19.870929718017578
27.5087833404541
4.85545015335083
8.157408714294434
12.911959648132324
19.43877601623535
27.383588790893555
5.351490020751953
8.258825302124023
12.45952320098877
17.990280151367188
24.77980613708496
6.7963080406188965
10.924062728881836
16.228958129882812
23.06616973876953
31.10124969482422
8.344562530517578
12.677594184875488
22.8948917388916
35.71076202392578
49.613677978515625
10.366641998291016
15.628986358642578
27.547487258911133
40.905086517333984
54.00127029418945
11.08349323272705
17.66135025024414
32.525856018066406
46.34244918823242
57.260780334472656
10.622379302978516
16.336090087890625
29.34490966796875
43.043453216552734
55.43341064453125
8.00671100616455
12.2415771484375
22.229598999023438
35.820499420166016
51.9099006652832
9.122411727905273
13.847180366516113
24.90213394165039
38.18995666503906
51.02650451660156
9.391359329223633
14.934375762939453
27.960004806518555
42.4495849609375
56.347103118896484
8.39255142211914
12.691019058227539
22.820743560791016
35.945335388183594
50.845977783203125
10.519022941589355
16.753652572631836
31.230602264404297
44.86017608642578
56.2244987487793
10.408525466918945
16.077953338623047
29.009721755981445
42.68545913696289
55.26811218261719
9.478501319885254
14.384604454040527
25.51302146911621
38.894840240478516
52.634605407714844
10.62412166595459
16.078916549682617
28.394989013671875
42.15641784667969
54.555641174316406
8.183658599853516
12.019639015197754
20.562335968017578
31.838876724243164
45.45540237426758
8.849652290344238
13.29000186920166
23.50482940673828
36.75926208496094
51.62016677856445
10.572174072265625
16.57070541381836
30.051586151123047
43.56758499145508
55.220054626464844
10.620335578918457
16.432430267333984
29.630918502807617
42.671627044677734
53.8849983215332
10.044225692749023
15.470389366149902
27.743471145629883
41.110836029052734
53.60255813598633
9.222227096557617
13.932023048400879
24.726337432861328
37.692256927490234
51.2501335144043
9.186687469482422
14.309348106384277
26.307571411132812
39.23921203613281
52.60310745239258
8.685995101928711
14.245024681091309
27.846576690673828
43.90311050415039
56.23902130126953
9.926595687866211
15.607128143310547
28.79253578186035
41.34093475341797
53.00947570800781
9.937060356140137
15.094493865966797
27.185161590576172
40.429935455322266
53.193138122558594
11.235518455505371
17.758148193359375
32.220115661621094
45.63261032104492
56.827842712402344
9.641058921813965
14.687505722045898
26.31488609313965
40.38820266723633
54.335391998291016
9.236589431762695
15.540833473205566
29.44424057006836
43.04904556274414
55.25963592529297
16.80522918701172
23.3857421875
30.11717414855957
37.64866638183594
45.466163635253906
22.267925262451172
32.2840690612793
40.88465881347656
48.093326568603516
55.06458282470703
23.72282600402832
31.54497528076172
40.20088577270508
47.59419631958008
54.54035568237305
19.987382888793945
32.09994125366211
38.8666877746582
46.72802734375
53.684608459472656
16.93414878845215
24.507389068603516
32.316471099853516
40.98862075805664
50.293209075927734
21.841655731201172
33.46361541748047
40.18645477294922
45.80900955200195
51.97481918334961
19.069902420043945
25.805856704711914
33.572975158691406
42.480838775634766
50.900020599365234
18.18500518798828
27.936203002929688
37.13634490966797
45.00197982788086
53.31960678100586
21.820602416992188
29.883808135986328
37.456626892089844
45.45006561279297
52.27803039550781
18.658334732055664
29.858034133911133
37.97386169433594
45.45234680175781
52.455806732177734
21.653120040893555
28.435749053955078
36.159454345703125
43.39936065673828
51.08304214477539
21.971118927001953
33.7420654296875
41.49586868286133
48.01094055175781
54.97557830810547
15.4242582321167
21.20527458190918
27.854106903076172
34.99793243408203
42.83768844604492
17.757118225097656
27.694517135620117
34.210472106933594
41.791194915771484
50.34809112548828
26.6232852935791
35.42888259887695
43.28962326049805
49.761295318603516
55.9846305847168
18.83055305480957
29.377729415893555
36.232723236083984
43.749427795410156
50.45348358154297
23.486948013305664
32.49787902832031
39.22526931762695
45.377742767333984
51.89043045043945
19.350488662719727
31.62774085998535
38.10691452026367
45.91370391845703
53.09911346435547
16.955854415893555
24.287622451782227
32.48215866088867
40.120723724365234
48.902183532714844
33.12657928466797
46.03416061401367
52.00550079345703
57.44919967651367
62.56398010253906
18.199771881103516
25.732576370239258
33.623321533203125
41.83876037597656
48.831703186035156
19.00586700439453
29.843278884887695
37.13371276855469
44.341339111328125
51.675636291503906
23.208724975585938
31.52543830871582
39.52490234375
47.51510238647461
54.43732833862305
17.4617919921875
27.429439544677734
35.29507827758789
43.132347106933594
51.35162353515625
23.17180061340332
30.577800750732422
38.420291900634766
46.65517044067383
53.959983825683594
20.18035316467285
27.167055130004883
35.19486999511719
43.70600891113281
53.30015182495117
24.748926162719727
30.91604995727539
41.822242736816406
47.752105712890625
56.08915328979492
30.02203941345215
38.78145217895508
45.76744842529297
49.866676330566406
56.54069519042969
28.39280891418457
37.87343978881836
45.38414764404297
54.66946029663086
62.06696701049805
18.890913009643555
28.790699005126953
38.58530044555664
49.35226821899414
57.445858001708984
22.043630599975586
28.81313133239746
35.5853385925293
42.85071563720703
50.558753967285156
24.83306312561035
32.84538650512695
42.72819519042969
51.82203674316406
57.353023529052734
18.261476516723633
27.018173217773438
36.36707305908203
45.5161247253418
54.190486907958984
25.789949417114258
34.19365692138672
40.52328872680664
49.25664138793945
55.74003982543945
27.090272903442383
35.1317024230957
44.40903091430664
53.466609954833984
58.350196838378906
22.581144332885742
32.6573371887207
40.49480056762695
50.03208541870117
56.39922332763672
28.4807071685791
34.78044509887695
44.89320373535156
49.99652862548828
56.911766052246094
15.440736770629883
22.628522872924805
31.336008071899414
41.891326904296875
53.09687423706055
20.42906379699707
29.22510528564453
41.517852783203125
50.098968505859375
59.73554992675781
29.29863929748535
38.461219787597656
44.09836196899414
52.991085052490234
61.24201202392578
29.272668838500977
37.43886947631836
47.162715911865234
53.05896759033203
60.25227355957031
25.977046966552734
39.0742301940918
49.424964904785156
55.47892379760742
59.89693069458008
20.653154373168945
29.84809684753418
41.60580825805664
47.40584945678711
55.32246398925781
24.049306869506836
32.6021614074707
40.336341857910156
47.67312240600586
55.444664001464844
21.363723754882812
31.053264617919922
39.60160446166992
46.80521774291992
51.98482131958008
22.79242515563965
31.701213836669922
38.53941345214844
47.19550323486328
53.22743606567383
22.31963539123535
30.717370986938477
39.04429244995117
46.62115478515625
55.91163635253906
30.034597396850586
40.72732925415039
49.251705169677734
55.3761100769043
63.523155212402344
24.337730407714844
33.671722412109375
44.433475494384766
51.10383224487305
59.92624282836914
33.539527893066406
39.29334259033203
43.46837615966797
48.350494384765625
54.31682205200195
18.6082763671875
30.1260986328125
44.19979476928711
58.056331634521484
66.91970825195312
15.68907356262207
25.97035026550293
38.9936408996582
51.213470458984375
59.18125534057617
13.309008598327637
22.45591926574707
34.75033187866211
47.811309814453125
57.29523468017578
11.993736267089844
20.75094223022461
32.7725830078125
45.17219161987305
54.72874069213867
19.915456771850586
31.646617889404297
46.84397506713867
63.1557731628418
74.61134338378906
18.630691528320312
29.80415916442871
43.43180465698242
57.021385192871094
65.44330596923828
12.818331718444824
22.258628845214844
35.87454605102539
52.163326263427734
67.38841247558594
22.416744232177734
35.493690490722656
51.43987274169922
65.8343734741211
75.22952270507812
14.068004608154297
23.779634475708008
36.999237060546875
51.63877868652344
63.061988830566406
14.261676788330078
24.09241485595703
37.66130065917969
51.990936279296875
61.333518981933594
17.820892333984375
28.93421173095703
43.13615417480469
57.10350036621094
65.83726501464844
16.468677520751953
26.76723861694336
39.726905822753906
52.11931610107422
60.892024993896484
19.642181396484375
31.136249542236328
45.2583122253418
58.587398529052734
66.29927825927734
17.15841293334961
28.188074111938477
42.708377838134766
58.063743591308594
68.71015167236328
13.419999122619629
22.621871948242188
34.74892044067383
47.434295654296875
56.925594329833984
14.691283226013184
24.29313087463379
36.6230583190918
48.038108825683594
55.08797836303711
12.496161460876465
21.637075424194336
34.65837478637695
48.99908447265625
58.784427642822266
17.3166446685791
28.345888137817383
41.84853744506836
55.647525787353516
65.24673461914062
19.20146369934082
31.1884708404541
46.6107177734375
62.16032409667969
70.84375  
15.644097328186035
25.51104164123535
38.3302001953125
52.42595291137695
63.064144134521484
17.037296295166016
27.753196716308594
41.560543060302734
55.326473236083984
64.88837432861328
16.746341705322266
27.368759155273438
41.02434539794922
54.63005065917969
63.401180267333984
11.407081604003906
19.99709129333496
32.132347106933594
46.39463806152344
57.3720703125
17.065196990966797
28.159250259399414
42.828067779541016
57.3553352355957
66.09867095947266
26.069438934326172
40.34899139404297
57.4400634765625
73.6908950805664
79.72867584228516
22.711063385009766
32.003150939941406
44.91851806640625
55.924835205078125
64.99137115478516
28.568532943725586
34.767234802246094
43.64887619018555
51.96144485473633
59.696800231933594
20.55034065246582
27.13099479675293
36.26739501953125
46.68851089477539
57.21273422241211
26.200523376464844
32.02995681762695
39.70261001586914
48.204280853271484
56.85893249511719
20.083377838134766
27.545700073242188
40.89031219482422
57.058685302734375
71.17362213134766
22.305864334106445
29.91126251220703
41.75814437866211
53.51606369018555
63.95591735839844
18.37911033630371
24.95221519470215
35.83700942993164
48.56740951538086
62.64253616333008
23.251712799072266
30.076627731323242
40.85470962524414
53.92510223388672
67.67518615722656
20.451601028442383
26.45290756225586
35.934730529785156
46.96690368652344
59.28840255737305
22.81076431274414
29.13408851623535
39.63296890258789
51.98290252685547
61.62796401977539
24.055248260498047
31.364389419555664
42.35369110107422
54.54115676879883
64.49495697021484
27.018470764160156
33.10622024536133
41.98571014404297
50.919864654541016
59.01107406616211
22.979328155517578
32.29264831542969
45.38473892211914
57.19166564941406
66.22593688964844
24.386709213256836
31.995866775512695
43.33760070800781
55.522926330566406
66.65586853027344
23.556808471679688
29.577415466308594
38.1279296875
47.251075744628906
56.172821044921875
24.41640281677246
31.06053924560547
39.910125732421875
49.809783935546875
56.65483093261719
22.083436965942383
28.47157859802246
38.02772903442383
49.67203140258789
59.68349838256836
23.033466339111328
30.553579330444336
42.58503723144531
56.19453811645508
65.03886413574219
22.25372886657715
28.964902877807617
38.4673957824707
49.40215301513672
60.927303314208984
17.597829818725586
23.96116065979004
32.88462448120117
45.347938537597656
58.06814956665039
20.32430648803711
27.395172119140625
38.49925994873047
51.11772155761719
62.733131408691406
24.64310646057129
32.79118728637695
43.098995208740234
52.74106979370117
61.70972442626953
20.584583282470703
26.58315658569336
34.92667770385742
44.5224494934082
56.301597595214844
22.7843074798584
30.576135635375977
42.403202056884766
55.06315231323242
65.46918487548828
10.560539245605469
17.047948837280273
27.216094970703125
44.281883239746094
63.96791458129883
13.745543479919434
20.265392303466797
31.95370101928711
48.10167694091797
60.73289489746094
16.526981353759766
23.75730323791504
36.270145416259766
51.33342361450195
60.515254974365234
12.628519058227539
18.2724666595459
31.00570297241211
48.89479446411133
60.34050750732422
13.740991592407227
19.977853775024414
33.01496887207031
50.26866912841797
63.77339553833008
16.92423439025879
24.20842742919922
37.62236022949219
55.537200927734375
67.44756317138672
14.71849536895752
21.37421226501465
33.045101165771484
49.43910598754883
60.88418960571289
14.427702903747559
20.519332885742188
32.86405563354492
50.631317138671875
61.702606201171875
15.563067436218262
22.472055435180664
35.35856246948242
51.64570236206055
63.4323616027832
12.882070541381836
19.207164764404297
31.126693725585938
48.443504333496094
59.44670486450195
13.408727645874023
19.70099639892578
31.77996826171875
49.57548522949219
59.89427947998047
15.784196853637695
22.607891082763672
34.65055465698242
51.02608108520508
63.46821212768555
13.656617164611816
19.910144805908203
32.332523345947266
50.319644927978516
61.52827453613281
15.63661003112793
22.983457565307617
34.12028503417969
49.0957145690918
61.84428787231445
18.025558471679688
25.42254066467285
37.91915512084961
54.47369384765625
66.82173919677734
14.008610725402832
20.30006980895996
32.39621353149414
49.69969177246094
61.512332916259766
12.91758918762207
18.70212173461914
30.83525276184082
47.79793167114258
58.895389556884766
12.497739791870117
18.545255661010742
30.342817306518555
46.618309020996094
60.45174026489258
16.623807907104492
23.517013549804688
36.50253677368164
52.53696060180664
63.168025970458984
14.151128768920898
20.433658599853516
32.28680419921875
49.07233810424805
61.60028076171875
12.125847816467285
17.831151962280273
28.91371726989746
45.848175048828125
56.58054733276367
15.055997848510742
21.804243087768555
33.29315185546875
49.05906295776367
61.42624282836914
16.631250381469727
23.15266227722168
35.30943298339844
51.91255187988281
63.54909896850586
12.61047077178955
18.98719596862793
31.699880599975586
49.567623138427734
62.842403411865234
15.989669799804688
22.354219436645508
34.867191314697266
51.1945686340332
61.474491119384766
17.169530868530273
21.08079719543457
31.883071899414062
48.70637512207031
60.492652893066406
14.998091697692871
23.366405487060547
33.541259765625
50.908241271972656
67.84830474853516
26.115537643432617
40.3941650390625
57.41179275512695
65.64044189453125
67.4708251953125
25.12171745300293
43.311397552490234
56.940677642822266
66.0546875
68.77243041992188
34.47077178955078
48.95571517944336
57.985687255859375
64.14321899414062
66.39830780029297
13.267654418945312
22.558414459228516
32.72002410888672
48.25453567504883
66.15834045410156
16.321014404296875
24.93525505065918
34.765384674072266
51.24728775024414
67.70365142822266
22.39211082458496
36.55517578125
51.78694534301758
63.98223876953125
72.88567352294922
15.827054023742676
25.431432723999023
35.638710021972656
44.889198303222656
64.2259521484375
22.19254493713379
31.517663955688477
47.52252960205078
61.73825454711914
69.78209686279297
23.929080963134766
36.26907730102539
51.69078063964844
63.18584060668945
68.39839935302734
18.32588768005371
27.375164031982422
38.1016845703125
58.219303131103516
70.17904663085938
25.43077850341797
39.73292922973633
56.74113082885742
64.66095733642578
68.12381744384766
10.431548118591309
17.16817283630371
26.55708885192871
38.52728271484375
57.85001754760742
15.511789321899414
25.332975387573242
37.106170654296875
55.16214370727539
70.58760070800781
24.077850341796875
40.30867004394531
54.45530319213867
63.50380325317383
67.76823425292969
23.937400817871094
36.25940704345703
54.84882354736328
60.96604919433594
61.90961837768555
22.273271560668945
33.98948669433594
50.97829055786133
62.2800178527832
67.06140899658203
16.16623878479004
25.04730987548828
38.682945251464844
56.77587127685547
69.61762237548828
19.63900375366211
28.713016510009766
38.342533111572266
53.56894302368164
67.7436752319336
21.340438842773438
30.955917358398438
48.82881164550781
61.213436126708984
68.95099639892578
17.567237854003906
26.138072967529297
37.0515022277832
54.64942169189453
68.39500427246094
18.611248016357422
29.138534545898438
44.17081069946289
62.00539779663086
70.36693572998047
26.40502166748047
41.145389556884766
53.799503326416016
62.118247985839844
68.49446868896484
19.835712432861328
30.14747428894043
42.859893798828125
61.68604278564453
71.36650848388672
10.188554763793945
14.267313957214355
20.940183639526367
27.6790714263916
39.111595153808594
21.322973251342773
23.224863052368164
37.650508880615234
45.142112731933594
52.738800048828125
31.1462345123291
35.2291374206543
55.61690902709961
59.99079132080078
67.90287780761719
29.69837188720703
38.56516647338867
56.345069885253906
57.84231185913086
65.31230926513672
28.347763061523438
40.744895935058594
48.99778366088867
61.32936096191406
64.22132110595703
21.246469497680664
26.472030639648438
34.60098648071289
54.160133361816406
60.51872253417969
20.340024948120117
29.67292022705078
35.692020416259766
42.00934982299805
51.52792739868164
34.19828414916992
35.4874153137207
45.68806838989258
58.52427291870117
66.76873779296875
15.67090892791748
24.538076400756836
33.30214309692383
45.56388473510742
55.36970901489258
16.679353713989258
23.013235092163086
40.881256103515625
53.196746826171875
60.59853744506836
30.16610336303711
27.995925903320312
40.447654724121094
52.12757110595703
62.91133117675781
18.725732803344727
14.020529747009277
38.24575424194336
49.39268112182617
60.42781448364258
25.017436981201172
37.45209503173828
44.03514862060547
56.95862579345703
53.972259521484375
12.669196128845215
23.038057327270508
39.56439208984375
34.98639678955078
44.35356521606445
14.05676555633545
32.53151321411133
50.7169303894043
45.87957763671875
57.83209991455078
27.652345657348633
34.069828033447266
46.07810974121094
57.777496337890625
65.1878662109375
21.006128311157227
26.722299575805664
33.882904052734375
51.5855712890625
61.72195053100586
21.753732681274414
33.720951080322266
37.918983459472656
53.97163009643555
64.23836517333984
22.263036727905273
34.508548736572266
40.92314529418945
45.356136322021484
62.78378677368164
15.862532615661621
27.014320373535156
36.53398895263672
49.12188720703125
50.79594802856445
25.726518630981445
32.42824172973633
40.49745178222656
51.19185256958008
62.881160736083984
24.330482482910156
31.140682220458984
30.041805267333984
39.43896484375
63.7822380065918
28.318588256835938
29.29306983947754
34.961631774902344
47.013092041015625
63.13496780395508
30.254480361938477
34.711212158203125
43.889739990234375
56.11431884765625
66.48001861572266
31.287616729736328
24.8546142578125
32.33559799194336
48.426109313964844
65.33658599853516
20.340816497802734
23.567964553833008
38.77000427246094
43.02265930175781
47.876686096191406
17.925695419311523
38.078338623046875
46.811927795410156
51.7923698425293
50.951622009277344
35.478477478027344
41.755149841308594
53.937557220458984
60.85607147216797
61.06736373901367
30.80374526977539
48.8375129699707
52.524147033691406
63.97652816772461
71.56066131591797
34.570457458496094
47.32658767700195
54.62623596191406
57.15800476074219
68.3378677368164
25.40163230895996
32.690528869628906
42.24869155883789
54.01518249511719
66.47132873535156
27.39565086364746
25.019798278808594
42.116451263427734
52.21592712402344
58.856201171875
32.101226806640625
43.00889205932617
54.901695251464844
62.730594635009766
68.50021362304688
23.233844757080078
41.437164306640625
31.242834091186523
50.272212982177734
64.71622467041016
36.21211242675781
46.105995178222656
54.98561096191406
60.89997482299805
59.12744903564453
25.264141082763672
45.95219421386719
52.092308044433594
62.65850067138672
61.12263488769531
38.64399337768555
34.681915283203125
52.74319839477539
57.99322509765625
64.09954071044922
31.80669403076172
34.972496032714844
50.570716857910156
58.50794219970703
39.811676025390625
15.959622383117676
20.879392623901367
37.045166015625
42.70015335083008
55.67812728881836
35.06416320800781
28.41341781616211
47.78444290161133
55.13751220703125
63.6568717956543
26.68031883239746
43.60987091064453
53.04828643798828
59.14515686035156
66.84284973144531
36.271705627441406
43.47203063964844
43.85108184814453
57.159820556640625
53.989356994628906
29.013795852661133
34.10991287231445
51.860572814941406
60.715248107910156
62.712276458740234
36.07569122314453
37.68305969238281
39.6166877746582
54.90566635131836
63.01338577270508
24.898094177246094
37.4652099609375
44.899410247802734
54.79182052612305
65.74501037597656
36.572086334228516
45.11170196533203
34.43540954589844
60.41436004638672
67.8261489868164
26.676042556762695
36.79007339477539
47.906333923339844
57.389488220214844
61.497398376464844
23.889925003051758
38.05916213989258
47.44667434692383
56.89601135253906
62.809391021728516
30.621139526367188
44.00358963012695
52.161651611328125
62.303123474121094
64.83585357666016
35.65255355834961
49.9284782409668
55.39752197265625
60.77766036987305
61.938720703125
31.372310638427734
21.134492874145508
46.23474884033203
34.41148376464844
47.80715560913086
20.501392364501953
24.141767501831055
35.33188247680664
41.38843536376953
48.03722381591797
26.70361328125
20.946062088012695
33.146705627441406
37.96470642089844
44.68516159057617
28.207059860229492
20.616605758666992
30.886198043823242
35.99176788330078
43.97814178466797
29.17713737487793
16.56277847290039
27.219884872436523
32.710121154785156
40.90095138549805
21.050546646118164
29.20075035095215
41.44038772583008
49.10810089111328
56.614524841308594
19.840503692626953
24.963668823242188
36.97342300415039
42.22579574584961
47.94131088256836
25.405969619750977
22.305648803710938
35.1973876953125
42.91691970825195
48.68840026855469
20.5126895904541
29.5632381439209
43.05613708496094
49.592769622802734
56.89483642578125
25.20921516418457
23.772037506103516
35.945682525634766
43.30424499511719
49.5733757019043
24.640899658203125
25.373172760009766
35.57238006591797
43.57026672363281
47.3514289855957
21.419525146484375
28.040096282958984
38.47811508178711
46.116455078125
50.90008544921875
26.088382720947266
21.94721794128418
32.780330657958984
38.23269271850586
45.96831130981445
17.172704696655273
29.498109817504883
40.52621841430664
44.56700897216797
50.99956512451172
22.64470672607422
28.16603660583496
42.298099517822266
50.664764404296875
57.58427429199219
24.732412338256836
20.16949462890625
31.588096618652344
35.607261657714844
43.14636993408203
23.624189376831055
19.286712646484375
27.42681884765625
35.07984161376953
39.364112854003906
23.338130950927734
23.967079162597656
33.86287307739258
39.4034538269043
46.1243782043457
20.345285415649414
25.644527435302734
38.239768981933594
44.60501480102539
50.76362228393555
22.02010726928711
26.941253662109375
36.22969436645508
43.04889678955078
48.96149444580078
21.768253326416016
26.592830657958984
38.55004119873047
45.19306945800781
50.25974655151367
19.796358108520508
26.011356353759766
36.68912887573242
44.887664794921875
50.662925720214844
22.724077224731445
24.174556732177734
34.660743713378906
44.342586517333984
50.601741790771484
22.436359405517578
21.587034225463867
29.889142990112305
37.80517578125
45.02771759033203
23.55805778503418
25.00045394897461
35.72341537475586
42.93967056274414
48.64450454711914
18.148393630981445
31.39072036743164
36.24162673950195
43.49137496948242
48.15060806274414
47.291927337646484
45.80630874633789
43.84956741333008
40.139854431152344
36.92213439941406
45.25350570678711
46.3948974609375
45.588138580322266
44.89265441894531
40.06642532348633
48.74481201171875
47.604705810546875
45.50002670288086
44.19685363769531
37.36546325683594
42.253173828125
43.143287658691406
42.310211181640625
41.241249084472656
36.991092681884766
50.52419662475586
49.238712310791016
46.685245513916016
42.746742248535156
40.09166717529297
45.322288513183594
44.5429801940918
41.47549057006836
39.29682159423828
34.2132453918457
45.16303253173828
45.10315704345703
44.212425231933594
41.48316955566406
36.925148010253906
49.03314208984375
47.814430236816406
45.98952865600586
42.23107147216797
37.369224548339844
47.39111328125
46.43724060058594
43.60085678100586
40.522254943847656
32.47113800048828
44.799137115478516
43.37437057495117
41.773292541503906
39.71596145629883
32.889434814453125
45.43141555786133
45.193607330322266
43.625099182128906
40.80450439453125
40.23612976074219
47.72255325317383
47.182918548583984
45.51571273803711
41.28218460083008
41.90761947631836
43.240196228027344
43.765106201171875
42.73580551147461
38.87131881713867
39.55298614501953
48.532981872558594
47.6275520324707
46.378780364990234
43.5729866027832
39.64380645751953
46.510860443115234
46.539939880371094
44.72597885131836
39.99858474731445
35.88813400268555
39.750423431396484
38.79264831542969
37.515533447265625
35.32587814331055
38.041038513183594
42.89729309082031
42.33302688598633
40.437889099121094
38.09993362426758
38.41327667236328
47.56513214111328
46.64251708984375
44.372867584228516
41.15574264526367
36.721927642822266
47.43282699584961
46.17092514038086
43.01516342163086
40.30255889892578
40.03898620605469
51.1566162109375
48.53580856323242
45.593467712402344
42.07160568237305
38.626216888427734
46.68550109863281
45.15837860107422
43.76258850097656
40.08640670776367
40.85371017456055
47.41576385498047
46.32418441772461
44.269989013671875
41.553565979003906
38.062374114990234
49.84064865112305
47.56278610229492
45.08285903930664
41.27804946899414
39.94327163696289
40.77656555175781
39.65457534790039
37.948753356933594
36.003475189208984
37.556034088134766
54.3351936340332
51.79434585571289
48.87358474731445
45.11058807373047
43.95962142944336
0.41163820028305054
1.116040587425232
5.2158026695251465
6.86488676071167
18.466760635375977
1.1166962385177612
2.670783042907715
10.83884048461914
11.582564353942871
26.904932022094727
1.1105378866195679
5.7649970054626465
9.17914867401123
18.94476318359375
23.340288162231445
0.9355520009994507
2.0896995067596436
9.447225570678711
9.455964088439941
25.418766021728516
0.9522431492805481
4.099590301513672
14.701902389526367
16.435216903686523
36.275062561035156
0.4658181369304657
6.736553192138672
5.076944828033447
17.507221221923828
16.16144561767578
0.5633119940757751
1.960097074508667
7.469833850860596
10.532110214233398
22.907026290893555
0.43571585416793823
8.025191307067871
5.035983085632324
24.371150970458984
20.372459411621094
0.485783189535141
1.6809848546981812
4.3726043701171875
10.145807266235352
13.535005569458008
0.44216328859329224
4.45969820022583
4.268089771270752
16.32872772216797
16.550689697265625
0.4876663386821747
1.4893039464950562
12.865428924560547
9.047567367553711
29.396181106567383
0.5167182087898254
6.938867092132568
4.51146125793457
20.43988800048828
12.105603218078613
0.5812940001487732
5.989351749420166
5.768309593200684
18.85384178161621
19.29966926574707
0.7042600512504578
2.116046905517578
7.284295558929443
12.173789024353027
23.93833351135254
1.5922130346298218
6.0007548332214355
19.150373458862305
16.13840103149414
35.83761978149414
0.4500304162502289
4.934062957763672
4.332268238067627
18.323854446411133
13.9627046585083
1.2793493270874023
3.0708131790161133
17.578760147094727
12.001631736755371
28.97029685974121
0.848633885383606
3.765749454498291
11.764433860778809
14.325703620910645
33.77826690673828
0.5296021103858948
3.509892225265503
5.763635635375977
16.357751846313477
19.40020751953125
0.6400099396705627
7.185565948486328
8.8119535446167
19.096994400024414
25.99028968811035
0.3986150622367859
4.970532417297363
4.351221561431885
16.531282424926758
18.495763778686523
0.4365237355232239
5.616888046264648
4.384616851806641
19.92348861694336
14.1163330078125
1.6130646467208862
7.293154716491699
8.802864074707031
22.39632225036621
18.19255828857422
0.44767916202545166
2.518120765686035
4.430554389953613
11.504985809326172
11.933694839477539
4.461825847625732
7.109286785125732
17.19135856628418
21.617942810058594
30.292558670043945
11.213846206665039
19.596210479736328
26.196622848510742
34.06067657470703
44.158355712890625
13.35316276550293
23.33786392211914
28.963726043701172
38.40311050415039
46.52747344970703
11.752270698547363
22.48189353942871
26.615894317626953
35.950225830078125
44.13177490234375
11.905147552490234
20.315038681030273
27.059053421020508
34.558998107910156
44.62446975708008
14.689044952392578
25.38458824157715
31.93452262878418
40.93238067626953
51.717063903808594
10.956284523010254
21.271129608154297
25.625328063964844
34.60988235473633
43.188594818115234
12.871609687805176
22.188098907470703
28.7764949798584
36.86810302734375
47.550533294677734
13.8716459274292
24.93754005432129
30.723726272583008
39.772483825683594
50.11812973022461
11.647489547729492
19.86997413635254
26.603748321533203
33.6750373840332
44.26689147949219
11.564101219177246
20.586429595947266
26.368261337280273
34.50164794921875
44.10859298706055
11.774818420410156
20.648778915405273
27.141998291015625
35.948028564453125
45.50542449951172
11.793441772460938
21.042957305908203
26.87271499633789
34.319480895996094
44.615516662597656
10.760799407958984
21.346561431884766
25.377946853637695
34.70895767211914
43.07221603393555
13.660404205322266
23.110698699951172
30.348953247070312
38.722999572753906
49.84414291381836
11.763646125793457
22.73545265197754
26.699636459350586
36.19624710083008
44.13230895996094
10.221674919128418
20.569345474243164
23.75920867919922
33.616493225097656
40.22905731201172
10.74345874786377
18.792943954467773
25.090810775756836
33.192771911621094
42.47291946411133
12.087166786193848
21.694822311401367
27.590539932250977
36.31108474731445
45.842506408691406
12.653507232666016
21.957883834838867
28.35557746887207
36.688018798828125
46.9962043762207
10.391172409057617
21.60685920715332
24.79266357421875
37.40513229370117
42.442665100097656
11.792839050292969
21.159015655517578
26.524274826049805
35.701622009277344
44.05546569824219
11.781780242919922
22.191328048706055
26.995567321777344
36.13120651245117
45.06971740722656
12.543965339660645
24.73246955871582
28.05405044555664
39.292991638183594
46.172306060791016
12.152356147766113
20.50571060180664
27.825878143310547
34.637062072753906
46.693206787109375
16.687557220458984
22.15450096130371
34.34136199951172
34.49735641479492
54.105438232421875
16.330894470214844
22.508987426757812
29.89747428894043
36.33779525756836
41.26717758178711
10.922054290771484
14.520129203796387
19.825862884521484
25.94642448425293
31.938690185546875
10.14089584350586
14.226682662963867
19.466806411743164
25.908344268798828
33.80928039550781
14.549948692321777
19.843481063842773
26.061809539794922
33.725704193115234
42.1944694519043
21.993375778198242
29.175317764282227
37.62788009643555
47.60457992553711
55.83803939819336
14.911079406738281
20.60738182067871
27.326894760131836
34.55352020263672
40.304073333740234
16.435016632080078
22.581680297851562
29.87958526611328
38.80844497680664
47.41852951049805
23.080358505249023
29.963573455810547
37.10502243041992
42.62666320800781
48.91353988647461
17.969499588012695
24.0667781829834
31.466848373413086
40.07307052612305
45.35934829711914
24.46107292175293
31.997392654418945
37.944210052490234
42.39619827270508
46.23050308227539
20.681808471679688
26.837955474853516
34.799564361572266
42.309146881103516
46.64928436279297
16.398771286010742
22.408329010009766
29.321306228637695
37.52904510498047
44.648258209228516
15.051008224487305
20.409774780273438
26.541349411010742
32.60198211669922
38.22211837768555
13.173295974731445
18.249032974243164
24.578536987304688
32.179542541503906
41.53443145751953
16.725038528442383
22.535146713256836
29.47403907775879
37.540809631347656
45.1734733581543
18.182863235473633
23.751861572265625
29.353811264038086
34.77363586425781
41.1741828918457
21.941272735595703
27.117996215820312
31.59803581237793
37.190406799316406
37.961666107177734
16.593290328979492
22.835111618041992
30.4702205657959
39.38286209106445
46.81996536254883
14.471362113952637
20.05596160888672
26.33925437927246
33.611793518066406
39.30552291870117
14.697410583496094
20.3505802154541
27.1433048248291
35.419986724853516
41.492862701416016
18.57957649230957
24.777618408203125
32.25827407836914
39.69819641113281
44.42518615722656
16.23537254333496
21.99834632873535
29.318470001220703
37.66765594482422
45.615108489990234
11.90649127960205
16.567920684814453
22.42401885986328
29.504060745239258
37.96472930908203
22.992355346679688
29.52239227294922
35.875160217285156
40.38309097290039
46.14763259887695
15.156641960144043
20.498321533203125
27.240951538085938
34.88530349731445
43.83203125
14.716192245483398
20.520509719848633
27.41183090209961
35.439884185791016
43.67413330078125
18.09490203857422
25.182077407836914
33.124114990234375
41.26108169555664
49.38544464111328
21.139205932617188
29.860858917236328
38.49732971191406
46.446475982666016
53.457496643066406
19.92224884033203
27.647451400756836
35.96416473388672
43.56720733642578
50.77938461303711
14.623705863952637
20.674970626831055
28.122859954833984
36.36677932739258
45.39922332763672
20.333173751831055
27.30988883972168
33.60116195678711
39.86659622192383
46.30341339111328
19.623538970947266
27.480470657348633
35.88105010986328
43.554996490478516
51.279151916503906
16.193359375
22.242311477661133
29.575336456298828
37.06037521362305
45.343605041503906
21.302030563354492
29.808069229125977
37.340614318847656
44.713409423828125
51.31549072265625
20.22638702392578
28.10973358154297
36.29231262207031
43.54341506958008
50.69335174560547
15.82458782196045
22.58359146118164
30.115907669067383
38.0434684753418
46.229862213134766
19.489727020263672
26.7959041595459
34.55103302001953
42.25767517089844
49.56664276123047
14.329891204833984
19.75204086303711
26.169612884521484
33.37944030761719
41.00556564331055
17.58245086669922
24.305627822875977
31.92618179321289
39.707942962646484
47.706722259521484
21.10711669921875
27.831727981567383
34.633846282958984
41.7557487487793
48.7719841003418
20.65412139892578
28.69953727722168
36.326171875
43.33439636230469
49.93324661254883
17.328060150146484
24.181446075439453
31.324825286865234
39.130531311035156
46.87022399902344
15.73750114440918
21.87404441833496
29.095081329345703
37.23361587524414
45.4368782043457
16.91050148010254
23.817346572875977
31.821136474609375
39.76565170288086
47.5469970703125
20.459014892578125
29.613811492919922
38.52190399169922
45.54557800292969
51.34797286987305
19.72983741760254
27.851097106933594
35.58552932739258
42.515708923339844
48.60291290283203
19.307781219482422
26.540494918823242
33.71242904663086
40.77540588378906
47.8667106628418
21.482519149780273
29.67045783996582
38.208248138427734
46.37360382080078
53.35700988769531
17.657081604003906
24.730297088623047
32.628631591796875
40.819252014160156
48.879451751708984
19.038776397705078
26.819427490234375
34.365570068359375
41.86032485961914
49.11138153076172
9.133481979370117
14.171475410461426
21.14327049255371
32.440223693847656
46.774532318115234
13.719762802124023
22.916812896728516
35.923240661621094
49.75835037231445
60.606929779052734
15.730355262756348
25.574953079223633
38.34014892578125
51.805747985839844
62.11558151245117
15.573582649230957
27.874399185180664
42.673545837402344
55.14323425292969
63.29872131347656
9.81784439086914
15.64549446105957
23.730783462524414
34.87013626098633
48.68207931518555
10.156648635864258
15.478506088256836
23.094961166381836
33.56964874267578
47.839603424072266
14.356945991516113
23.736352920532227
36.80138397216797
50.83079528808594
62.61171340942383
9.464630126953125
14.824920654296875
23.166555404663086
34.44877624511719
47.062381744384766
12.856937408447266
21.491901397705078
33.39404296875
46.30350112915039
58.26759338378906
14.243825912475586
23.64631462097168
36.38545227050781
48.71690368652344
58.787681579589844
11.234417915344238
17.38921546936035
26.227251052856445
38.65122604370117
52.871559143066406
14.515120506286621
24.03217887878418
35.89686584472656
47.94476318359375
58.97264099121094
8.338513374328613
12.51839828491211
18.36245346069336
26.03554916381836
36.80137634277344
10.264840126037598
16.12625503540039
25.261146545410156
37.57573318481445
52.584110260009766
13.480883598327637
22.11831283569336
34.18327713012695
49.3972053527832
61.381874084472656
13.170073509216309
21.473623275756836
33.57498550415039
46.004249572753906
55.600196838378906
13.093403816223145
21.859617233276367
33.82591247558594
47.733009338378906
59.054988861083984
10.505276679992676
16.493276596069336
25.049381256103516
37.68699264526367
53.33428192138672
10.763044357299805
17.95539665222168
28.1878604888916
41.31597137451172
54.11869812011719
12.152871131896973
20.656543731689453
31.138681411743164
45.09282302856445
57.889976501464844
9.85651969909668
15.133959770202637
23.490142822265625
35.89365005493164
50.63022994995117
11.069586753845215
17.328493118286133
27.119630813598633
40.3968620300293
54.86002731323242
15.773747444152832
27.65215492248535
40.58546447753906
52.85097885131836
62.11899185180664
12.11962604522705
19.261859893798828
28.87761116027832
42.827880859375
55.85334014892578
8.562886238098145
12.916295051574707
17.824676513671875
24.42729377746582
32.34800720214844
20.006013870239258
27.106157302856445
35.8187255859375
45.535179138183594
55.0895881652832
25.591623306274414
34.86130905151367
44.91844177246094
54.00798416137695
60.76873016357422
26.077390670776367
34.93760681152344
44.78288269042969
53.90217590332031
62.33213806152344
27.04330062866211
36.08269500732422
45.9165153503418
53.501014709472656
61.82817840576172
20.379566192626953
29.094552993774414
38.32576370239258
49.48219299316406
61.98207473754883
21.172836303710938
28.345441818237305
36.36631393432617
45.18895721435547
54.77043151855469
24.766725540161133
33.612518310546875
43.75450134277344
53.197200775146484
63.756046295166016
20.400814056396484
28.529817581176758
37.52283477783203
47.25088882446289
57.97931671142578
23.917728424072266
32.42954635620117
42.75173568725586
51.60851287841797
62.932701110839844
24.909711837768555
34.56574249267578
43.12704086303711
52.407073974609375
62.491153717041016
22.753772735595703
30.898054122924805
39.878074645996094
49.26585388183594
59.201629638671875
25.851804733276367
34.466331481933594
43.166725158691406
52.12310791015625
61.03538131713867
18.818767547607422
25.769685745239258
33.10624694824219
41.76564407348633
51.7349853515625
21.481176376342773
29.518863677978516
38.92158508300781
49.02975082397461
60.36354064941406
25.133033752441406
33.92460250854492
43.30848693847656
51.90713119506836
57.9111442565918
24.677953720092773
32.665550231933594
41.07377624511719
49.60934066772461
59.021507263183594
24.54146385192871
33.09672164916992
41.5532341003418
50.03960037231445
58.22136306762695
21.958166122436523
30.20460319519043
39.83964538574219
50.24860382080078
60.75584030151367
21.837600708007812
29.689350128173828
39.10478210449219
48.87561798095703
58.96613693237305
22.10658073425293
30.314115524291992
38.9665641784668
47.43252944946289
54.898719787597656
20.997220993041992
28.566816329956055
37.97149658203125
47.88203811645508
57.74359893798828
22.806724548339844
31.375669479370117
40.53415298461914
50.658164978027344
60.60444641113281
26.285673141479492
34.798973083496094
44.4442024230957
52.832420349121094
61.12240219116211
23.941463470458984
32.884944915771484
42.47052764892578
51.88087463378906
61.32166290283203
17.43630027770996
24.83188819885254
22.526233673095703
43.2999267578125
51.86037063598633
18.744184494018555
25.147689819335938
34.419498443603516
41.87260818481445
55.41062545776367
20.294464111328125
28.91447639465332
37.171329498291016
45.015438079833984
61.64185333251953
14.91429615020752
21.873870849609375
30.5179443359375
43.58432388305664
50.54145050048828
18.818937301635742
25.869457244873047
35.08203887939453
42.96139144897461
59.51941680908203
11.718252182006836
18.602447509765625
27.777488708496094
39.74775695800781
50.642730712890625
17.561195373535156
24.25331687927246
35.73158264160156
41.56785583496094
48.87282180786133
16.217565536499023
24.169498443603516
33.79669952392578
43.309200286865234
56.45707702636719
16.212116241455078
23.75925064086914
31.919015884399414
42.2974853515625
49.612972259521484
17.293699264526367
25.117658615112305
32.830467224121094
44.34498977661133
52.17427062988281
16.932865142822266
26.664438247680664
35.1575927734375
41.3123779296875
50.518638610839844
15.40779972076416
22.365787506103516
33.40338134765625
43.21141052246094
53.6544189453125
17.650697708129883
25.35619354248047
34.3031120300293
45.93657684326172
55.30253982543945
15.252009391784668
22.455774307250977
32.37106704711914
40.270633697509766
50.357948303222656
12.474081039428711
19.636581420898438
26.692712783813477
41.42903518676758
49.866668701171875
15.333587646484375
22.766080856323242
32.227230072021484
43.510276794433594
51.13163375854492
19.94756317138672
25.959640502929688
35.56416320800781
42.8572883605957
53.945919036865234
18.42120933532715
25.02008819580078
36.54090881347656
44.55352020263672
54.173545837402344
14.68695068359375
24.005107879638672
35.05194091796875
45.596275329589844
53.95922088623047
15.957623481750488
23.56688117980957
31.899185180664062
40.210350036621094
55.95515060424805
19.248292922973633
25.49620246887207
34.42313003540039
41.75283432006836
50.9766845703125
18.415332794189453
25.283798217773438
34.17616271972656
42.87912368774414
49.64128494262695
16.207033157348633
23.94855308532715
32.08366775512695
41.99789810180664
52.69782638549805
15.747685432434082
23.18490982055664
31.92038917541504
39.63142013549805
49.39756774902344
16.042993545532227
23.5982723236084
36.06106185913086
50.58770751953125
56.94093704223633
16.089771270751953
24.764270782470703
31.79268455505371
38.308799743652344
44.746517181396484
18.09209632873535
29.051429748535156
37.15837478637695
48.10321807861328
64.15642547607422
21.559616088867188
37.13326644897461
56.188011169433594
65.17232513427734
66.52494049072266
21.042362213134766
35.41606140136719
55.05548095703125
63.35188293457031
66.94921875
25.35912322998047
42.14822769165039
55.88702392578125
60.777488708496094
65.28115844726562
18.47492218017578
28.703548431396484
35.38408279418945
40.62870788574219
50.20623779296875
16.473785400390625
26.68523406982422
37.23390197753906
44.437110900878906
64.38428497314453
22.036306381225586
35.58098220825195
47.42577362060547
53.74462890625
66.63326263427734
17.629657745361328
27.773387908935547
34.9414176940918
39.465118408203125
44.63615417480469
21.250883102416992
31.158002853393555
41.97086715698242
49.88071060180664
63.51572799682617
19.539398193359375
32.16878128051758
48.741092681884766
61.52595520019531
66.97565460205078
18.440452575683594
28.340816497802734
35.40407943725586
47.38054656982422
63.562713623046875
19.881473541259766
32.52302932739258
44.61959457397461
57.769775390625
65.3232650756836
13.557795524597168
22.813005447387695
29.74741554260254
34.55168151855469
46.255374908447266
17.65553092956543
28.725282669067383
39.38051986694336
46.15372848510742
62.73745346069336
20.157426834106445
31.788232803344727
45.70553970336914
54.71607971191406
61.85874557495117
19.11892318725586
39.52571105957031
57.45127487182617
60.754695892333984
61.378684997558594
20.09868621826172
30.02561378479004
48.21113204956055
58.759220123291016
65.99718475341797
17.731637954711914
27.553354263305664
33.85513687133789
43.72944259643555
56.61175537109375
18.090457916259766
28.394845962524414
35.162315368652344
40.601871490478516
51.283119201660156
19.912158966064453
29.641754150390625
40.55656051635742
48.74428176879883
63.454368591308594
18.069366455078125
28.213359832763672
39.054222106933594
47.08363342285156
61.65134048461914
17.253559112548828
27.276657104492188
39.66395568847656
49.57664108276367
66.33631134033203
20.705900192260742
32.82745361328125
43.869083404541016
54.238922119140625
62.54718780517578
18.81612777709961
29.497079849243164
40.072757720947266
48.62306213378906
67.43424987792969
9.964015007019043
17.11155128479004
23.020002365112305
27.592613220214844
32.081905364990234
19.421489715576172
28.063058853149414
39.5478515625
54.244667053222656
66.75582122802734
29.350313186645508
42.85922622680664
56.66206741333008
64.3086166381836
66.7190170288086
30.748971939086914
43.63463592529297
57.515052795410156
65.87543487548828
68.3841552734375
35.59109878540039
48.44072341918945
57.98517990112305
63.69757080078125
65.86994171142578
19.310914993286133
28.489391326904297
38.967918395996094
51.865699768066406
65.89083862304688
20.859107971191406
29.023452758789062
40.310855865478516
53.04546356201172
66.97913360595703
26.464738845825195
37.89984130859375
51.818851470947266
63.817840576171875
71.72724151611328
19.506046295166016
28.879928588867188
38.66488265991211
50.882102966308594
63.993324279785156
24.21177864074707
35.54825210571289
49.200531005859375
61.53638458251953
68.91202545166016
26.443519592285156
37.78864288330078
51.66019821166992
63.62174606323242
68.09962463378906
21.910459518432617
32.02300262451172
43.82355880737305
57.9780387878418
69.29756927490234
29.740758895874023
41.179569244384766
55.156227111816406
64.63130950927734
67.16973114013672
18.67559242248535
24.890485763549805
34.007293701171875
42.857749938964844
55.99880599975586
19.303436279296875
28.131013870239258
40.095821380615234
54.71855545043945
70.76435089111328
26.81745147705078
40.38786315917969
53.127777099609375
62.57398223876953
67.72300720214844
27.880653381347656
40.29467010498047
53.627437591552734
60.262420654296875
61.38422775268555
27.296005249023438
35.94647979736328
49.0363883972168
61.507022857666016
66.5321273803711
19.902584075927734
29.5614070892334
42.312767028808594
55.74554443359375
68.5947265625
23.533489227294922
33.58854293823242
44.75122833251953
56.38895797729492
66.85794830322266
24.080368041992188
34.530696868896484
46.990325927734375
60.5386962890625
68.32159423828125
20.418973922729492
29.16163444519043
41.339176177978516
55.11567306518555
67.41910552978516
22.152557373046875
32.37051773071289
46.31388854980469
61.0316162109375
69.88653564453125
28.955366134643555
38.86052322387695
50.35905838012695
62.0543098449707
68.30451202392578
22.716894149780273
34.11054229736328
45.23078536987305
59.89878463745117
70.66590118408203
14.345054626464844
19.533897399902344
28.509944915771484
41.258056640625
57.13277816772461
