64.96038055419922
69.37200927734375
71.0676040649414
74.5249252319336
82.32931518554688
83.95094299316406
84.79153442382812
86.2142333984375
94.8492202758789
95.38822174072266
95.9954833984375
96.22364807128906
46.84703826904297
53.29463195800781
61.12433624267578
83.2408218383789
85.48446655273438
86.56189727783203
88.52444458007812
102.55856323242188
103.29488372802734
103.55108642578125
104.12683868408203
112.02738952636719
112.23519897460938
112.41035461425781
112.59429168701172
45.714900970458984
51.80952072143555
58.527931213378906
83.40704345703125
85.66302490234375
86.9395980834961
88.22926330566406
100.62228393554688
100.80998992919922
101.06742095947266
101.04460144042969
107.92073822021484
107.66011810302734
107.57042694091797
107.25054931640625
49.822357177734375
55.85734558105469
64.31713104248047
83.80380249023438
85.20597076416016
86.61016845703125
87.25767517089844
102.02574920654297
102.50635528564453
102.7651138305664
103.00516510009766
110.702880859375
110.89965057373047
111.0681381225586
111.21524810791016
44.15530776977539
50.952091217041016
56.21641540527344
85.10960388183594
86.47824096679688
87.21116638183594
87.55207824707031
101.0777587890625
101.08580780029297
101.14386749267578
100.89692687988281
108.31076049804688
108.2004623413086
108.13924407958984
107.64005279541016
48.75850296020508
54.808013916015625
61.425315856933594
87.85025024414062
90.07488250732422
91.0628433227539
92.5240707397461
104.91596221923828
105.60603332519531
105.9065170288086
106.47734069824219
114.46934509277344
114.89800262451172
114.8928451538086
115.30314636230469
49.530269622802734
56.3985710144043
63.98381805419922
85.4303207397461
87.37689208984375
88.52973937988281
90.10549926757812
103.7496566772461
104.51744079589844
104.65080261230469
105.29695892333984
112.50457000732422
112.70235443115234
112.8116226196289
112.91869354248047
44.94074630737305
51.1473388671875
58.80679702758789
81.4555435180664
83.82437896728516
84.8415298461914
86.58212280273438
98.69070434570312
99.48402404785156
99.72454071044922
100.48929595947266
107.28913116455078
107.62550354003906
107.82636260986328
108.19810485839844
46.219608306884766
52.08106231689453
58.699554443359375
87.1834487915039
89.51592254638672
90.38643646240234
91.563232421875
101.61851501464844
102.50102233886719
102.60554504394531
103.23344421386719
109.39009857177734
109.75786590576172
109.67932891845703
110.1302490234375
54.788658142089844
61.08319854736328
67.40216064453125
89.73237609863281
92.11083221435547
93.35794067382812
94.52168273925781
109.77350616455078
110.71477508544922
110.95375061035156
111.35987854003906
117.91399383544922
118.2217788696289
118.34931182861328
118.55632019042969
50.64539337158203
58.269203186035156
62.93932342529297
85.96807861328125
87.77107238769531
88.34943389892578
89.37264251708984
103.21253967285156
103.43986511230469
103.48766326904297
103.81768798828125
110.00716400146484
110.03607177734375
110.01284790039062
110.01600646972656
48.46197509765625
55.3487548828125
62.46022415161133
85.18123626708984
87.07027435302734
88.09110260009766
89.2406997680664
103.244140625
103.79652404785156
104.4190902709961
104.64376068115234
111.63684844970703
111.88002014160156
112.04801940917969
112.322509765625
45.38162612915039
51.44308853149414
57.5068473815918
80.95654296875
82.27323150634766
83.17845153808594
84.32345581054688
94.14193725585938
94.13501739501953
94.16011047363281
94.31349182128906
100.52073669433594
100.25547790527344
99.99475860595703
100.01914978027344
50.716896057128906
56.973876953125
62.920448303222656
89.22852325439453
91.1037826538086
92.66442108154297
94.02595520019531
103.69080352783203
104.36396026611328
104.98655700683594
104.968994140625
109.78118133544922
110.11837768554688
110.38123321533203
110.76190948486328
51.14284896850586
59.40504837036133
67.04838562011719
76.9684829711914
78.9581069946289
80.40843963623047
82.15374755859375
94.55052185058594
95.02587127685547
95.35054016113281
95.86934661865234
103.51397705078125
103.60063934326172
103.75598907470703
103.91207885742188
45.40983200073242
52.593875885009766
59.444393157958984
